5.061075591075591
5.061075591075591
5.061075591075591
4.409240759240759
4.409240759240759
4.409240759240759
3.558408258408259
3.558408258408259
3.558408258408259
1.286083916083916
1.286083916083916
1.286083916083916
2.9116749916749916
2.9116749916749916
2.9116749916749916
10.938737928737929
10.938737928737929
10.938737928737929
2.253273393273393
2.253273393273393
2.253273393273393
4.757855477855478
4.757855477855478
4.469277389277389
4.469277389277389
4.469277389277389
0.9835264735264735
0.9835264735264735
1.8352947052947055
1.8352947052947055
1.8352947052947055
1.57010323010323
1.57010323010323
1.57010323010323
2.463902763902764
2.463902763902764
2.463902763902764
1.9474425574425576
1.9474425574425576
1.9474425574425576
3.9390975690975694
3.9390975690975694
3.9390975690975694
3.866829836829837
3.866829836829837
3.866829836829837
8.796403596403596
8.796403596403596
8.796403596403596
2.176193806193806
2.176193806193806
2.176193806193806
5.064279054279055
5.064279054279055
5.064279054279055
4.245264735264736
4.245264735264736
4.245264735264736
1.7865101565101564
1.7865101565101564
1.7865101565101564
9.109513819513818
9.109513819513818
9.109513819513818
3.4674658674658674
3.4674658674658674
2.698884448884449
2.698884448884449
2.698884448884449
3.2676689976689977
3.2676689976689977
3.2676689976689977
1.1434465534465537
1.1434465534465537
1.1434465534465537
4.381831501831502
4.381831501831502
4.381831501831502
5.042550782550783
5.042550782550783
5.042550782550783
2.0883916083916083
2.0883916083916083
2.0883916083916083
2.5750982350982348
2.5750982350982348
2.5750982350982348
1.4068664668664668
1.4068664668664668
1.4068664668664668
8.755071595071596
8.755071595071596
3.3658041958041958
3.3658041958041958
3.3658041958041958
3.0555611055611056
3.0555611055611056
3.0555611055611056
6.892544122544122
8.755071595071596
6.892544122544122
6.892544122544122
4.345464535464535
4.345464535464535
4.345464535464535
3.3659140859140857
3.3659140859140857
3.3659140859140857
3.076127206127206
11.852850482850483
11.852850482850483
11.852850482850483
1.9027838827838828
1.9027838827838828
1.9027838827838828
2.5454778554778557
2.5454778554778557
2.5454778554778557
3.3513686313686315
3.3513686313686315
3.3513686313686315
4.231228771228771
4.231228771228771
4.231228771228771
4.229140859140859
4.229140859140859
4.229140859140859
4.505944055944056
4.505944055944056
4.505944055944056
3.7880153180153178
3.7880153180153178
3.7880153180153178
9.01080253080253
9.01080253080253
9.01080253080253
3.401808191808192
3.401808191808192
3.401808191808192
2.318588078588079
2.318588078588079
2.318588078588079
2.722940392940393
2.722940392940393
2.722940392940393
6.568794538794538
6.568794538794538
6.568794538794538
3.235201465201465
3.235201465201465
3.235201465201465
8.973899433899433
8.973899433899433
8.973899433899433
9.005181485181485
9.005181485181485
9.005181485181485
5.096460206460206
5.096460206460206
1.9275690975690976
1.9275690975690976
1.9275690975690976
2.5533200133200133
2.5533200133200133
2.5533200133200133
1.8776689976689975
1.8776689976689975
1.8776689976689975
5.41031968031968
5.41031968031968
5.41031968031968
2.627322677322677
2.627322677322677
2.627322677322677
7.420522810522811
7.420522810522811
7.420522810522811
2.0437562437562438
2.0437562437562438
2.0437562437562438
1.6057375957375957
1.6057375957375957
1.6057375957375957
3.138721278721279
3.138721278721279
3.138721278721279
6.305664335664336
6.305664335664336
6.305664335664336
12.477818847818847
12.477818847818847
12.477818847818847
3.282191142191142
3.282191142191142
2.8367166167166165
2.8367166167166165
2.8367166167166165
4.624555444555445
4.624555444555445
4.624555444555445
2.628791208791209
2.628791208791209
2.628791208791209
1.4576323676323675
1.4576323676323675
1.4576323676323675
4.2579154179154175
4.2579154179154175
4.2579154179154175
3.7978687978687984
3.7978687978687984
3.7978687978687984
2.2466699966699966
2.2466699966699966
2.2466699966699966
12.86901098901099
12.86901098901099
12.86901098901099
2.6146986346986347
2.6146986346986347
2.6146986346986347
3.0083449883449886
3.0083449883449886
3.0083449883449886
2.2497136197136194
2.2497136197136194
2.2497136197136194
1.5379020979020979
1.5379020979020979
1.5379020979020979
17.95846153846154
17.95846153846154
17.95846153846154
1.9658075258075258
1.9658075258075258
1.9658075258075258
5.542544122544122
5.542544122544122
5.542544122544122
2.4285980685980686
2.4285980685980686
2.4285980685980686
3.3463702963702966
3.3463702963702966
3.3463702963702966
1.7394971694971695
1.7394971694971695
1.7394971694971695
1.5526906426906426
1.5526906426906426
1.5526906426906426
4.578348318348318
4.578348318348318
4.578348318348318
2.3031168831168833
2.3031168831168833
2.3031168831168833
3.185054945054945
3.185054945054945
3.185054945054945
2.2592340992341
2.2592340992341
2.2592340992341
4.398994338994339
4.398994338994339
4.398994338994339
6.087419247419247
6.087419247419247
2.455158175158175
2.455158175158175
2.455158175158175
3.7553546453546454
3.7553546453546454
1.673113553113553
1.673113553113553
6.087419247419247
1.673113553113553
2.177858807858808
2.177858807858808
2.177858807858808
4.3598734598734605
4.3598734598734605
4.3598734598734605
4.642101232101232
4.642101232101232
4.642101232101232
10.684991674991675
10.684991674991675
10.684991674991675
2.2655511155511157
2.2655511155511157
2.2655511155511157
1.5671162171162172
1.5671162171162172
1.5671162171162172
3.808431568431568
3.808431568431568
3.808431568431568
3.1618681318681316
3.1618681318681316
3.199277389277389
3.199277389277389
1.0394039294039294
1.0394039294039294
1.0887945387945388
1.0887945387945388
1.0887945387945388
3.199277389277389
3.1618681318681316
1.0394039294039294
2.614149184149184
2.614149184149184
2.614149184149184
2.8958374958374957
2.8958374958374957
2.8958374958374957
1.545014985014985
1.545014985014985
1.545014985014985
5.939077589077589
5.939077589077589
5.939077589077589
4.942177822177822
4.942177822177822
4.942177822177822
3.3615084915084914
3.3615084915084914
3.3615084915084914
1.5136363636363637
1.5136363636363637
1.5136363636363637
1.5421145521145523
1.5421145521145523
1.5421145521145523
3.2876223776223776
3.2876223776223776
3.2876223776223776
4.5367266067266065
4.5367266067266065
4.5367266067266065
1.201934731934732
1.201934731934732
1.52999666999667
1.52999666999667
1.52999666999667
3.965341325341325
3.965341325341325
3.965341325341325
4.006849816849817
4.006849816849817
4.006849816849817
1.201934731934732
3.429517149517149
3.429517149517149
3.429517149517149
2.0783682983682983
2.0783682983682983
2.0783682983682983
2.557012987012987
2.557012987012987
2.557012987012987
2.0259307359307357
2.0259307359307357
2.0259307359307357
1.7118015318015318
1.7118015318015318
1.7118015318015318
1.6194905094905097
1.6194905094905097
1.6194905094905097
1.3105194805194804
1.3105194805194804
1.3105194805194804
2.345807525807526
2.345807525807526
2.345807525807526
3.985154845154845
3.985154845154845
3.985154845154845
4.46079587079587
4.46079587079587
4.46079587079587
4.954941724941726
4.954941724941726
4.954941724941726
3.8608058608058613
3.8608058608058613
3.8608058608058613
1.760999000999001
1.760999000999001
1.760999000999001
4.429770229770231
4.429770229770231
4.429770229770231
3.2487379287379285
3.2487379287379285
3.2487379287379285
1.5245554445554446
1.5245554445554446
1.5245554445554446
1.7485481185481184
1.7485481185481184
1.7485481185481184
2.0228604728604727
2.0228604728604727
2.0228604728604727
3.296839826839827
5.4426107226107225
2.7065834165834164
2.7065834165834164
2.7065834165834164
2.624695304695305
2.624695304695305
2.624695304695305
1.6134165834165834
1.6134165834165834
1.6134165834165834
4.888877788877789
4.888877788877789
1.4461172161172162
1.4461172161172162
1.4461172161172162
0.7662970362970363
0.7662970362970363
0.7662970362970363
1.5363969363969365
1.5363969363969365
1.5363969363969365
1.5501831501831502
1.5501831501831502
1.4529637029637028
1.4529637029637028
3.2495670995670993
3.2495670995670993
3.2495670995670993
3.411731601731602
3.411731601731602
3.411731601731602
3.296839826839827
2.306663336663337
15.197645687645686
3.7751415251415246
3.7751415251415246
3.7751415251415246
2.328161838161838
10.061178821178823
10.061178821178823
10.061178821178823
5.50041292041292
5.50041292041292
5.50041292041292
4.603336663336663
4.603336663336663
4.603336663336663
2.567955377955378
2.567955377955378
2.567955377955378
3.7455577755577756
3.7455577755577756
3.7455577755577756
2.388021978021978
2.388021978021978
2.388021978021978
8.881448551448551
8.881448551448551
8.881448551448551
6.974272394272393
6.974272394272393
6.974272394272393
4.393383283383283
4.393383283383283
4.393383283383283
1.9740959040959043
1.9740959040959043
1.9740959040959043
1.9674492174492175
1.9674492174492175
0.9743523143523143
0.9743523143523143
0.9743523143523143
7.133633033633034
7.133633033633034
7.133633033633034
2.306663336663337
2.1738761238761235
3.4385714285714286
3.4385714285714286
3.4385714285714286
2.223436563436563
2.223436563436563
2.223436563436563
2.9382284382284385
2.9382284382284385
2.9382284382284385
1.6375924075924073
1.3127505827505828
1.3127505827505828
1.3127505827505828
1.646799866799867
1.646799866799867
1.646799866799867
1.535764235764236
1.535764235764236
1.535764235764236
1.576943056943057
6.320972360972362
6.320972360972362
3.726869796869797
3.726869796869797
3.726869796869797
5.841598401598402
5.841598401598402
5.841598401598402
2.8459507159507162
2.8459507159507162
1.1432967032967032
2.5564868464868464
2.5564868464868464
2.5564868464868464
1.9792840492840496
1.9792840492840496
1.9792840492840496
2.291928071928072
2.291928071928072
2.291928071928072
1.2825674325674326
1.2825674325674326
1.2825674325674326
4.93943056943057
5.8978721278721284
3.055114885114885
3.056137196137196
3.056137196137196
3.056137196137196
2.334558774558775
2.334558774558775
2.334558774558775
2.421784881784882
2.512171162171162
6.506593406593406
6.506593406593406
6.506593406593406
1.4213786213786213
1.4213786213786213
1.4213786213786213
1.3095171495171494
1.3095171495171494
1.3095171495171494
2.4253912753912754
2.4253912753912754
2.4253912753912754
4.93943056943057
4.948548118548119
4.948548118548119
2.7007292707292705
2.7007292707292705
2.7007292707292705
1.920969030969031
1.920969030969031
1.920969030969031
2.975171495171495
3.380606060606061
4.948548118548119
3.2377355977355977
3.2377355977355977
3.2377355977355977
2.791305361305361
2.791305361305361
2.791305361305361
2.751255411255411
2.751255411255411
2.751255411255411
1.6755877455877455
1.6755877455877455
1.6755877455877455
3.1913320013320017
3.1913320013320017
3.1913320013320017
1.3634898434898437
1.3634898434898437
1.3634898434898437
5.445784215784215
5.445784215784215
5.445784215784215
1.9202397602397603
1.9202397602397603
1.9202397602397603
1.2144189144189144
1.2144189144189144
1.2144189144189144
2.098081918081918
2.098081918081918
2.098081918081918
8.235158175158174
8.235158175158174
8.235158175158174
5.602853812853813
5.602853812853813
5.602853812853813
1.3244855144855143
1.3244855144855143
1.3244855144855143
2.0656376956376956
2.0656376956376956
2.0656376956376956
2.6373026973026974
2.6373026973026974
2.6373026973026974
1.3096769896769898
1.3096769896769898
1.3096769896769898
5.055804195804195
5.055804195804195
5.055804195804195
10.983986013986016
10.983986013986016
10.983986013986016
8.069796869796871
8.069796869796871
8.069796869796871
2.5642757242757246
2.5642757242757246
2.5642757242757246
1.4593140193140193
1.4593140193140193
1.4593140193140193
2.383653013653013
2.383653013653013
2.383653013653013
1.7566133866133864
1.7566133866133864
1.7566133866133864
8.634648684648685
8.634648684648685
8.634648684648685
2.8004495504495504
2.8004495504495504
2.8004495504495504
4.156673326673326
2.9717149517149517
2.975171495171495
5.135148185148186
1.1715084915084917
1.1715084915084917
1.1715084915084917
5.044945054945055
5.044945054945055
5.044945054945055
3.7463170163170165
3.380606060606061
4.156673326673326
4.156673326673326
5.135148185148186
5.135148185148186
3.7463170163170165
3.7463170163170165
2.495231435231435
2.495231435231435
2.495231435231435
3.8763936063936058
3.8763936063936058
3.8763936063936058
2.0895770895770895
2.0895770895770895
2.0895770895770895
2.125947385947386
2.9463902763902765
2.9463902763902765
2.9463902763902765
3.380606060606061
1.5750616050616049
1.3057276057276057
2.1738761238761235
2.306663336663337
2.9717149517149517
2.2691075591075593
2.1715551115551115
2.8082151182151183
1.9199433899433898
2.975171495171495
3.3555577755577755
2.2691075591075593
2.1715551115551115
2.8082151182151183
1.9199433899433898
1.5750616050616049
1.3111322011322009
2.1738761238761235
2.898491508491509
2.9717149517149517
2.5416550116550116
3.3555577755577755
1.5556809856809857
1.254032634032634
2.8082151182151183
1.2142823842823842
1.6673692973692973
1.3111322011322009
8.953516483516484
2.898491508491509
1.3986080586080587
2.5416550116550116
3.3555577755577755
1.5556809856809857
1.254032634032634
9.26940725940726
1.2142823842823842
1.6673692973692973
1.3111322011322009
8.953516483516484
2.898491508491509
1.3986080586080587
2.5416550116550116
2.141485181485182
1.5556809856809857
1.254032634032634
9.26940725940726
1.2142823842823842
1.6673692973692973
3.84011655011655
8.953516483516484
3.4516283716283715
1.3986080586080587
1.7355344655344656
2.141485181485182
2.071128871128871
2.697129537129537
9.26940725940726
2.1779587079587075
2.6012587412587416
3.84011655011655
2.108764568764569
3.4516283716283715
4.174365634365635
1.7355344655344656
2.141485181485182
2.071128871128871
2.697129537129537
1.5592340992340992
2.1779587079587075
2.6012587412587416
3.84011655011655
2.108764568764569
4.174365634365635
1.7355344655344656
2.9083016983016985
2.071128871128871
2.697129537129537
1.5592340992340992
2.1779587079587075
2.6012587412587416
2.7892740592740592
2.108764568764569
3.4516283716283715
4.174365634365635
2.9701798201798204
2.9083016983016985
2.2691075591075593
2.0991142191142194
2.8415517815517815
1.5592340992340992
1.568857808857809
2.7892740592740592
3.798358308358309
3.021801531801532
1.317152847152847
2.9083016983016985
3.2945088245088243
2.0991142191142194
2.8415517815517815
3.7681918081918084
1.568857808857809
2.7892740592740592
3.021801531801532
1.317152847152847
2.9701798201798204
7.1368931068931065
2.0991142191142194
2.8415517815517815
3.7681918081918084
3.021801531801532
1.568857808857809
6.420739260739261
3.798358308358309
1.5275224775224776
1.317152847152847
4.947955377955378
7.1368931068931065
3.1803429903429907
1.6104628704628703
3.7681918081918084
1.4330969030969027
4.894775224775225
6.420739260739261
3.398171828171828
1.5275224775224776
5.132204462204462
4.947955377955378
7.1368931068931065
3.1803429903429907
1.6104628704628703
1.6746919746919748
1.4330969030969027
4.894775224775225
6.420739260739261
3.398171828171828
1.5275224775224776
5.132204462204462
4.947955377955378
2.804985014985015
3.1803429903429907
1.6104628704628703
1.6746919746919748
1.4330969030969027
4.894775224775225
6.964235764235764
3.398171828171828
1.8677522477522477
5.132204462204462
7.048271728271728
2.804985014985015
2.2203296703296704
3.2945088245088243
1.6746919746919748
1.0545754245754244
2.1536829836829834
6.964235764235764
2.7977622377622375
1.8677522477522477
9.338195138195138
7.048271728271728
1.5448318348318348
3.2945088245088243
1.5448318348318348
5.378141858141857
1.0545754245754244
2.1536829836829834
6.964235764235764
1.8317915417915418
1.8677522477522477
9.338195138195138
7.048271728271728
2.7977622377622375
2.42956043956044
2.7977622377622375
1.5448318348318348
5.378141858141857
1.0545754245754244
2.1536829836829834
1.7815018315018316
1.8317915417915418
5.932733932733933
9.338195138195138
2.9906826506826505
2.2203296703296704
1.5548817848817849
2.42956043956044
3.4406759906759903
1.1434365634365633
1.7815018315018316
1.8317915417915418
5.932733932733933
4.089683649683649
2.9906826506826505
3.081172161172161
2.42956043956044
3.081172161172161
1.5548817848817849
5.378141858141857
3.4406759906759903
1.1434365634365633
1.7815018315018316
5.708195138195139
5.932733932733933
4.089683649683649
2.9906826506826505
1.4936929736929738
2.5960572760572758
5.1152281052281054
2.2203296703296704
3.4934565434565434
2.2000732600732604
4.754525474525475
3.494172494172494
1.376233766233766
4.001045621045622
1.1434365634365633
3.325434565434566
1.8377189477189475
5.1152281052281054
1.6214918414918413
3.4934565434565434
1.4936929736929738
4.754525474525475
3.2714985014985016
1.376233766233766
4.001045621045622
5.461904761904762
2.2000732600732604
1.8377189477189475
1.4936929736929738
3.494172494172494
5.1152281052281054
1.6214918414918413
3.2714985014985016
1.376233766233766
2.5960572760572758
3.4934565434565434
5.461904761904762
3.325434565434566
1.8377189477189475
4.754525474525475
3.494172494172494
3.2714985014985016
4.001045621045622
2.5960572760572758
2.2000732600732604
5.461904761904762
1.6214918414918413
2.1715551115551115
3.081172161172161
2.2045954045954046
5.708195138195139
1.5548817848817849
2.805291375291375
3.4406759906759903
2.513163503163503
2.805291375291375
2.6441691641691643
1.9824575424575426
4.06904428904429
2.513163503163503
2.805291375291375
1.9824575424575426
2.513163503163503
1.9199433899433898
1.9824575424575426
4.06904428904429
4.06904428904429
2.2045954045954046
5.708195138195139
2.2045954045954046
3.296839826839827
5.4426107226107225
5.4426107226107225
2.6441691641691643
4.089683649683649
2.9972627372627376
1.529144189144189
2.6441691641691643
4.732450882450882
2.9972627372627376
1.529144189144189
1.529144189144189
2.9972627372627376
8.959054279054278
2.804985014985015
3.144149184149184
3.144149184149184
1.9634032634032634
1.9634032634032634
1.9634032634032634
2.362127872127872
2.362127872127872
2.362127872127872
7.494671994671994
7.494671994671994
7.494671994671994
1.8724975024975028
1.8724975024975028
1.8724975024975028
1.924811854811855
1.924811854811855
1.924811854811855
3.4767399267399264
3.4767399267399264
3.4767399267399264
1.9150815850815852
1.9150815850815852
1.9150815850815852
2.58965034965035
2.58965034965035
2.58965034965035
2.1599999999999997
2.1599999999999997
2.1599999999999997
4.809846819846819
4.809846819846819
4.809846819846819
7.59009657009657
7.59009657009657
7.59009657009657
5.384778554778555
5.384778554778555
5.384778554778555
4.986749916749916
4.986749916749916
4.986749916749916
4.296310356310356
4.296310356310356
4.296310356310356
1.9699567099567101
1.9699567099567101
1.9699567099567101
5.330369630369631
5.330369630369631
5.330369630369631
8.756799866799867
8.756799866799867
8.756799866799867
10.557545787545786
10.557545787545786
10.557545787545786
4.556899766899767
4.556899766899767
4.556899766899767
2.0715218115218113
2.0715218115218113
2.0715218115218113
1.0043689643689644
1.0043689643689644
1.0043689643689644
1.283080253080253
1.283080253080253
1.283080253080253
5.10999333999334
5.10999333999334
5.10999333999334
2.191751581751582
2.191751581751582
2.191751581751582
3.826020646020646
3.826020646020646
3.826020646020646
4.9483516483516485
4.9483516483516485
4.9483516483516485
1.6638894438894438
1.6638894438894438
1.6638894438894438
5.9994472194472195
5.9994472194472195
5.9994472194472195
4.19989343989344
4.19989343989344
4.19989343989344
13.597702297702297
13.597702297702297
13.597702297702297
10.643929403929404
2.2565168165168163
2.2565168165168163
2.2565168165168163
2.460985680985681
2.460985680985681
2.460985680985681
2.4704329004329004
2.4704329004329004
2.4704329004329004
1.8953946053946054
1.8953946053946054
1.8953946053946054
1.6503596403596403
1.6503596403596403
1.6503596403596403
5.423286713286713
5.423286713286713
5.423286713286713
10.643929403929404
10.643929403929404
1.6834199134199133
1.6834199134199133
1.6834199134199133
3.7690576090576093
3.7690576090576093
3.7690576090576093
1.8409557109557109
1.8409557109557109
1.8409557109557109
11.172134532134534
11.172134532134534
11.172134532134534
1.8180053280053279
1.8180053280053279
1.8180053280053279
1.4166400266400265
1.4166400266400265
1.4166400266400265
1.367062937062937
1.367062937062937
1.367062937062937
1.7952081252081251
1.7952081252081251
1.7952081252081251
2.404828504828505
2.404828504828505
2.404828504828505
2.8594005994005998
2.8594005994005998
2.8594005994005998
8.516806526806528
8.516806526806528
8.516806526806528
1.8398667998667997
1.8398667998667997
1.8398667998667997
4.902437562437562
4.902437562437562
4.902437562437562
1.6416949716949716
1.6416949716949716
2.3138727938727937
2.3138727938727937
2.8536829836829836
2.8536829836829836
2.8536829836829836
1.7655910755910755
1.6416949716949716
2.3138727938727937
1.7655910755910755
1.7655910755910755
3.931928071928072
3.931928071928072
3.931928071928072
1.2865834165834165
1.2865834165834165
1.2865834165834165
1.774085914085914
1.774085914085914
1.774085914085914
1.007062937062937
1.007062937062937
3.8534898434898435
3.8534898434898435
3.8534898434898435
1.5385114885114886
1.5385114885114886
1.5385114885114886
2.2266300366300364
2.2266300366300364
2.2266300366300364
2.139167499167499
2.139167499167499
2.139167499167499
2.811072261072261
2.811072261072261
2.811072261072261
11.438687978687978
11.438687978687978
11.438687978687978
2.0204495504495505
2.0204495504495505
2.0204495504495505
2.9613752913752913
2.9613752913752913
2.9613752913752913
1.2027272727272726
1.2027272727272726
1.2027272727272726
10.185457875457876
10.185457875457876
10.185457875457876
5.504658674658675
5.504658674658675
5.504658674658675
6.247492507492507
6.247492507492507
6.247492507492507
4.950506160506161
4.950506160506161
4.950506160506161
4.062294372294372
2.1073826173826173
2.1073826173826173
2.1073826173826173
8.847575757575758
4.417242757242757
4.417242757242757
4.417242757242757
2.235171495171495
2.235171495171495
2.235171495171495
1.64001998001998
1.64001998001998
1.64001998001998
1.3801665001665002
1.3801665001665002
1.3801665001665002
1.7404262404262403
1.7404262404262403
1.7404262404262403
4.241268731268732
4.241268731268732
4.241268731268732
1.675897435897436
1.675897435897436
1.675897435897436
3.303819513819514
3.303819513819514
3.303819513819514
1.3843889443889443
1.3843889443889443
1.3843889443889443
1.6520113220113222
1.6520113220113222
1.6520113220113222
3.6633433233433235
3.6633433233433235
3.6633433233433235
2.159024309024309
2.159024309024309
2.159024309024309
2.3458041958041957
2.3458041958041957
2.3458041958041957
1.529057609057609
1.529057609057609
1.529057609057609
0.843083583083583
0.843083583083583
0.843083583083583
2.915987345987346
1.977012987012987
3.7943190143190146
3.4587978687978693
3.4587978687978693
3.4587978687978693
2.7170729270729272
2.7170729270729272
2.0907659007659007
2.0907659007659007
2.0907659007659007
5.727329337329338
5.727329337329338
5.727329337329338
1.7301665001665
1.7301665001665
1.7301665001665
6.624262404262405
6.471385281385281
1.3612287712287714
1.3612287712287714
1.3612287712287714
1.7423409923409925
1.7423409923409925
1.7423409923409925
1.7803962703962704
1.7803962703962704
1.7803962703962704
1.6055644355644354
1.6055644355644354
1.6055644355644354
1.5306859806859807
3.7943190143190146
1.8459673659673657
2.6302830502830505
2.432707292707293
6.624262404262405
1.5306859806859807
7.551465201465201
2.3085214785214787
1.8459673659673657
2.432707292707293
6.624262404262405
1.5306859806859807
2.2089843489843495
7.551465201465201
2.3085214785214787
2.915987345987346
1.1041958041958042
2.773080253080253
2.2089843489843495
1.6571994671994672
7.551465201465201
2.1527039627039626
5.212340992340993
1.1041958041958042
2.432707292707293
1.416103896103896
2.1527039627039626
5.212340992340993
2.1103163503163502
1.1041958041958042
2.773080253080253
1.4028871128871128
1.416103896103896
1.6571994671994672
2.2089843489843495
4.2284915084915085
3.45038961038961
1.4028871128871128
1.416103896103896
2.773080253080253
3.0124009324009324
4.2284915084915085
2.1527039627039626
5.212340992340993
2.1103163503163502
2.1103163503163502
3.45038961038961
1.4028871128871128
2.6302830502830505
3.0124009324009324
4.2284915084915085
2.915987345987346
1.977012987012987
3.0124009324009324
1.8459673659673657
2.6302830502830505
2.3085214785214787
1.977012987012987
6.471385281385281
3.7943190143190146
3.45038961038961
2.7170729270729272
6.471385281385281
1.6571994671994672
1.608994338994339
4.31062271062271
2.7851748251748254
3.4541858141858146
1.2852480852480852
2.7495304695304696
5.086500166500166
7.643483183483183
2.528101898101898
3.1442690642690643
1.608994338994339
2.7859473859473862
1.50000666000666
1.1397535797535798
2.7495304695304696
5.086500166500166
7.643483183483183
2.528101898101898
0.8076123876123877
7.686586746586747
2.7859473859473862
1.50000666000666
1.1397535797535798
3.4156310356310358
1.6056476856476856
1.3753080253080254
2.0093439893439893
0.8076123876123877
7.686586746586747
2.7859473859473862
1.50000666000666
1.1397535797535798
3.4156310356310358
1.6056476856476856
1.3753080253080254
2.0093439893439893
0.8076123876123877
7.686586746586747
1.7332833832833836
2.076823176823177
1.6056476856476856
1.3753080253080254
2.0093439893439893
2.264348984348984
3.4156310356310358
1.7788511488511487
1.4291242091242091
2.264348984348984
2.3752713952713953
2.0313053613053613
2.3752713952713953
2.0313053613053613
2.045131535131535
2.045131535131535
1.4291242091242091
1.0406426906426907
1.7332833832833836
2.076823176823177
1.7788511488511487
1.0406426906426907
1.7332833832833836
1.7788511488511487
1.0406426906426907
2.076823176823177
2.1555744255744256
3.248005328005328
5.680892440892442
5.680892440892442
5.680892440892442
1.861948051948052
16.023546453546455
2.377452547452547
3.572813852813853
2.7289643689643692
6.25031968031968
3.3013053613053613
7.498761238761239
5.687625707625708
2.1388511488511486
1.861948051948052
2.9162837162837163
3.572813852813853
2.6152713952713955
3.3013053613053613
2.725984015984016
1.866053946053946
2.1388511488511486
1.9978021978021978
3.9820279720279723
3.572813852813853
2.7289643689643692
2.6152713952713955
3.3013053613053613
1.866053946053946
1.9978021978021978
3.9820279720279723
2.9162837162837163
1.19004995004995
2.7289643689643692
2.6152713952713955
3.3767432567432567
2.725984015984016
1.866053946053946
2.1388511488511486
1.9978021978021978
3.9820279720279723
1.19004995004995
3.7985248085248084
3.3767432567432567
2.725984015984016
1.9206493506493507
2.1865501165501167
3.061381951381952
2.9162837162837163
1.19004995004995
1.2436363636363637
3.3767432567432567
6.921778221778221
1.390999000999001
1.9206493506493507
2.1865501165501167
3.061381951381952
2.324921744921745
3.7985248085248084
1.2436363636363637
1.4469197469197468
1.390999000999001
3.061381951381952
2.324921744921745
1.7241292041292042
3.7985248085248084
1.2436363636363637
6.921778221778221
1.390999000999001
1.9206493506493507
2.30995337995338
5.2682817182817185
2.1865501165501167
2.623343323343323
1.4469197469197468
3.259164169164169
5.803503163503163
1.7241292041292042
2.589014319014319
5.2682817182817185
1.5188311688311686
2.324921744921745
1.7241292041292042
2.589014319014319
2.623343323343323
1.4469197469197468
3.259164169164169
1.3159240759240762
4.62059274059274
5.2682817182817185
1.5188311688311686
1.4711122211122207
1.7173226773226773
2.589014319014319
2.623343323343323
3.0115584415584418
5.803503163503163
1.3159240759240762
4.62059274059274
1.5188311688311686
1.4711122211122207
1.7173226773226773
2.5062504162504164
3.0115584415584418
3.259164169164169
1.3159240759240762
4.62059274059274
4.744891774891776
1.7173226773226773
3.0115584415584418
2.5709090909090904
5.803503163503163
2.0094805194805194
4.744891774891776
1.4711122211122207
0.9926573426573427
2.5062504162504164
3.307655677655678
2.5709090909090904
8.433709623709623
1.5237562437562437
2.0094805194805194
4.744891774891776
4.362850482850483
0.9926573426573427
2.5062504162504164
2.5709090909090904
1.5237562437562437
2.0094805194805194
2.7686813186813186
1.8545487845487845
4.362850482850483
0.9926573426573427
3.3206426906426905
3.307655677655678
3.064095904095904
8.433709623709623
1.5237562437562437
1.7389876789876788
2.7139493839493842
1.8545487845487845
4.362850482850483
8.985511155511155
3.3206426906426905
3.307655677655678
3.064095904095904
8.433709623709623
1.368068598068598
1.7389876789876788
4.491671661671662
3.0212587412587415
2.5016716616716614
2.0467199467199464
2.5088877788877793
3.3206426906426905
3.3368964368964367
3.064095904095904
1.1040059940059939
1.368068598068598
1.7389876789876788
4.491671661671662
2.595877455877456
1.8545487845487845
2.5016716616716614
2.5088877788877793
1.6338927738927738
3.3368964368964367
2.531941391941392
1.1040059940059939
1.368068598068598
8.985511155511155
2.2829270729270728
2.322084582084582
9.113659673659672
2.6145288045288044
2.30995337995338
9.113659673659672
2.322084582084582
1.7509423909423907
2.0831401931401934
2.0831401931401934
2.2829270729270728
9.113659673659672
1.7509423909423907
1.7509423909423907
2.2829270729270728
2.6145288045288044
2.322084582084582
2.30995337995338
2.4127405927405925
2.5016716616716614
2.7139493839493842
4.491671661671662
2.668471528471528
1.6338927738927738
1.9514918414918416
2.595877455877456
2.4127405927405925
8.985511155511155
1.6960039960039959
3.2456709956709955
3.3368964368964367
5.916959706959707
1.705997335997336
2.5088877788877793
1.6338927738927738
2.7424275724275726
3.652564102564102
5.916959706959707
1.1040059940059939
4.821052281052281
2.4658275058275057
2.4658275058275057
2.4658275058275057
1.1418648018648019
1.1418648018648019
1.1418648018648019
1.2266300366300367
1.2266300366300367
1.2266300366300367
0.9448118548118548
2.126050616050616
2.4863936063936065
3.246030636030636
1.8789244089244088
1.7792574092574094
3.0966100566100563
9.273419913419913
3.8441824841824843
2.4863936063936065
3.246030636030636
1.8789244089244088
1.5862404262404262
2.1413919413919413
3.456283716283716
9.273419913419913
3.8441824841824843
3.474289044289044
6.459573759573759
4.171531801531801
1.5862404262404262
2.1413919413919413
3.456283716283716
9.273419913419913
3.8441824841824843
5.4022211122211115
3.36041958041958
4.171531801531801
1.5862404262404262
5.4199333999334005
3.456283716283716
1.721108891108891
5.878021978021978
5.4022211122211115
3.36041958041958
4.171531801531801
2.199553779553779
5.4199333999334005
2.248681318681319
1.721108891108891
4.257246087246087
5.4022211122211115
3.36041958041958
1.1942390942390944
2.199553779553779
5.4199333999334005
3.3740059940059943
1.721108891108891
4.257246087246087
4.783719613719614
5.957066267066267
1.1942390942390944
2.199553779553779
1.4262870462870463
3.3740059940059943
5.957066267066267
4.257246087246087
4.783719613719614
5.82952713952714
1.1942390942390944
3.964185814185814
1.4262870462870463
1.7802264402264403
1.0594771894771895
5.957066267066267
5.82952713952714
4.783719613719614
2.323549783549783
2.1098001998002
3.964185814185814
1.4262870462870463
5.82952713952714
2.323549783549783
3.2701065601065604
11.703073593073594
2.1098001998002
3.964185814185814
1.0106327006327005
2.295924075924076
2.323549783549783
3.2701065601065604
11.703073593073594
2.1098001998002
2.393659673659674
1.0106327006327005
2.248681318681319
3.3555244755244753
3.2701065601065604
11.703073593073594
3.368205128205128
2.393659673659674
1.0106327006327005
2.295924075924076
3.3555244755244753
3.474289044289044
2.5638861138861135
3.368205128205128
2.393659673659674
2.061262071262071
2.295924075924076
3.3555244755244753
2.4711255411255406
2.5638861138861135
3.368205128205128
1.6643689643689643
2.061262071262071
6.286386946386947
5.156263736263736
2.4711255411255406
2.5638861138861135
1.6699700299700297
1.6643689643689643
2.061262071262071
6.286386946386947
2.409197469197469
11.602614052614053
5.156263736263736
2.4711255411255406
1.9822410922410922
1.6699700299700297
1.6643689643689643
2.1796336996337
1.0594771894771895
2.016886446886447
0.9394039294039294
13.471804861804861
2.016886446886447
5.878021978021978
0.9956909756909758
6.74021312021312
1.7802264402264403
1.0594771894771895
1.9822410922410922
1.6699700299700297
2.75963702963703
2.1796336996337
1.7802264402264403
2.505108225108225
13.471804861804861
2.016886446886447
5.156263736263736
6.74021312021312
1.9822410922410922
1.8205860805860807
2.75963702963703
2.1796336996337
1.3569896769896772
2.505108225108225
4.781511821511821
4.254498834498835
6.667172827172827
2.3917582417582417
6.74021312021312
1.7397835497835497
1.8205860805860807
2.75963702963703
1.8723243423243425
1.3569896769896772
2.505108225108225
4.781511821511821
4.254498834498835
6.667172827172827
2.3917582417582417
5.692530802530802
1.7397835497835497
1.8205860805860807
3.594428904428905
1.8723243423243425
1.8071661671661672
11.602614052614053
2.9456077256077258
4.254498834498835
6.667172827172827
2.3917582417582417
5.692530802530802
1.7397835497835497
3.594428904428905
1.3569896769896772
2.810865800865801
1.3075890775890777
1.8071661671661672
1.188228438228438
1.9635597735597734
5.878021978021978
0.9956909756909758
3.474289044289044
4.0715917415917415
4.0715917415917415
2.295191475191475
0.6936063936063935
1.3075890775890777
13.471804861804861
3.513563103563104
3.513563103563104
1.467106227106227
6.967579087579088
1.188228438228438
2.295191475191475
2.810865800865801
0.6936063936063935
1.3075890775890777
6.967579087579088
1.188228438228438
1.467106227106227
1.467106227106227
4.0715917415917415
2.295191475191475
2.810865800865801
0.6936063936063935
1.8071661671661672
6.967579087579088
3.3740059940059943
4.781511821511821
1.386999666999667
13.452660672660672
2.9456077256077258
2.248681318681319
2.9456077256077258
1.9635597735597734
1.9635597735597734
0.8796470196470196
0.8796470196470196
0.8796470196470196
13.452660672660672
0.9956909756909758
2.3178488178488177
2.3178488178488177
3.594428904428905
1.8723243423243425
1.386999666999667
1.386999666999667
2.053722943722944
3.7261771561771564
1.5437928737928737
1.5437928737928737
5.003756243756244
5.003756243756244
5.003756243756244
1.3903929403929403
1.3903929403929403
1.3903929403929403
6.055661005661006
3.636393606393606
2.1024508824508823
0.9394039294039294
6.055661005661006
3.636393606393606
2.1024508824508823
0.9394039294039294
1.962231102231102
1.3365434565434566
2.1024508824508823
2.8645221445221445
1.962231102231102
1.3365434565434566
2.885134865134865
2.8645221445221445
1.962231102231102
1.3365434565434566
2.885134865134865
2.8645221445221445
4.551315351315352
3.626376956376957
2.885134865134865
3.6124242424242428
4.551315351315352
3.626376956376957
1.5113053613053613
3.6124242424242428
4.551315351315352
3.626376956376957
3.6124242424242428
4.424255744255745
1.5594438894438896
4.424255744255745
1.5113053613053613
1.5113053613053613
2.917862137862138
2.0123543123543124
2.0123543123543124
1.6375990675990677
2.0123543123543124
2.937492507492508
2.937492507492508
1.6375990675990677
2.937492507492508
5.109353979353979
2.832077922077922
5.109353979353979
5.109353979353979
4.455544455544455
4.455544455544455
2.832077922077922
4.455544455544455
1.8425641025641026
1.8425641025641026
2.832077922077922
1.8425641025641026
4.105970695970696
7.47995004995005
4.105970695970696
3.232777222777223
3.232777222777223
3.232777222777223
3.743872793872794
3.743872793872794
7.47995004995005
3.743872793872794
4.741115551115551
4.741115551115551
4.741115551115551
1.9725208125208125
1.9725208125208125
7.47995004995005
1.9725208125208125
7.574202464202465
7.574202464202465
7.574202464202465
5.01035298035298
5.01035298035298
5.01035298035298
2.3289510489510485
2.148228438228438
2.148228438228438
2.148228438228438
2.3289510489510485
4.786140526140526
4.786140526140526
4.786140526140526
2.3289510489510485
2.603553113553114
2.603553113553114
3.124099234099234
3.124099234099234
2.603553113553114
3.124099234099234
1.798931068931069
1.798931068931069
1.9951282051282053
1.9951282051282053
1.9951282051282053
1.96012321012321
1.96012321012321
1.96012321012321
1.4934265734265733
1.4934265734265733
1.4934265734265733
3.851638361638362
3.851638361638362
3.851638361638362
1.5384715284715285
1.5384715284715285
1.5384715284715285
2.534821844821845
2.534821844821845
2.534821844821845
2.181105561105561
2.181105561105561
2.181105561105561
2.827229437229437
2.827229437229437
2.827229437229437
1.6276789876789877
1.6276789876789877
1.6276789876789877
1.798931068931069
3.532124542124542
3.532124542124542
3.532124542124542
2.0017049617049616
2.0017049617049616
2.0017049617049616
1.3863270063270063
1.3863270063270063
1.3863270063270063
2.2465401265401264
2.2465401265401264
2.2465401265401264
4.471118881118882
4.471118881118882
4.471118881118882
2.1384781884781887
2.1384781884781887
2.1384781884781887
2.017326007326007
2.017326007326007
2.017326007326007
1.4925940725940725
1.4925940725940725
1.4925940725940725
1.6017582417582417
1.6017582417582417
2.448141858141858
1.6017582417582417
1.4162004662004664
1.4162004662004664
1.4162004662004664
1.8451015651015652
1.8451015651015652
1.8451015651015652
1.8437595737595736
2.448141858141858
1.8437595737595736
1.8437595737595736
1.7547552447552448
1.7547552447552448
1.7547552447552448
3.223879453879454
3.223879453879454
3.223879453879454
2.102214452214452
2.102214452214452
2.102214452214452
1.313223443223443
1.313223443223443
2.448141858141858
1.313223443223443
1.2816383616383618
1.2816383616383618
1.2816383616383618
2.1218514818514818
2.1218514818514818
2.1218514818514818
3.591968031968032
3.591968031968032
3.591968031968032
4.648501498501498
4.648501498501498
4.648501498501498
2.23955710955711
3.311245421245421
2.23955710955711
2.23955710955711
2.8290742590742592
2.8290742590742592
2.8290742590742592
1.1766666666666665
1.1766666666666665
1.1766666666666665
2.6855577755577755
3.311245421245421
2.6855577755577755
3.311245421245421
1.1982117882117882
1.1982117882117882
2.6855577755577755
1.1982117882117882
3.503639693639694
5.882853812853813
3.503639693639694
5.882853812853813
5.882853812853813
9.143183483183485
9.143183483183485
9.143183483183485
2.515281385281386
2.515281385281386
2.515281385281386
3.503639693639694
2.525964035964036
2.525964035964036
2.525964035964036
1.288051948051948
1.288051948051948
1.288051948051948
4.864362304362305
4.864362304362305
4.864362304362305
3.3293939393939396
2.0144455544455546
2.0144455544455546
2.0144455544455546
3.3293939393939396
1.7755877455877456
1.7755877455877456
1.7755877455877456
2.493766233766234
2.493766233766234
2.493766233766234
4.528804528804528
3.3293939393939396
4.528804528804528
4.528804528804528
2.573416583416584
2.573416583416584
2.366623376623376
2.573416583416584
3.618811188811189
3.618811188811189
3.618811188811189
5.3295404595404605
5.3295404595404605
2.366623376623376
5.3295404595404605
2.336157176157176
2.336157176157176
2.336157176157176
3.537079587079587
3.537079587079587
3.537079587079587
3.0529637029637033
3.0529637029637033
2.366623376623376
3.0529637029637033
6.6420279720279725
6.6420279720279725
6.6420279720279725
2.593776223776224
2.4551448551448556
2.593776223776224
2.593776223776224
1.5278088578088578
2.4551448551448556
1.5278088578088578
1.5278088578088578
2.2467066267066267
2.2467066267066267
2.2467066267066267
2.004102564102564
2.4551448551448556
2.004102564102564
2.004102564102564
2.6362437562437564
2.6362437562437564
2.0425641025641026
2.6362437562437564
3.4683849483849487
3.4683849483849487
3.4683849483849487
1.7939227439227439
2.0425641025641026
1.7939227439227439
1.7939227439227439
2.0425641025641026
1.084059274059274
1.084059274059274
1.084059274059274
4.688468198468198
2.6833666333666337
4.688468198468198
4.688468198468198
3.0322677322677323
3.0322677322677323
3.0322677322677323
1.387908757908758
1.387908757908758
1.387908757908758
2.2074392274392274
2.2074392274392274
2.2074392274392274
2.804955044955045
2.804955044955045
2.804955044955045
2.6833666333666337
1.5638927738927737
1.5638927738927737
1.5638927738927737
3.2733466533466533
3.2733466533466533
2.6833666333666337
3.2733466533466533
2.2570762570762573
2.2570762570762573
2.2570762570762573
11.064528804528805
11.064528804528805
11.064528804528805
4.092390942390943
1.7163303363303364
6.605677655677656
6.605677655677656
6.501688311688312
5.672334332334332
5.672334332334332
1.3914185814185813
1.3914185814185813
1.3914185814185813
4.64063603063603
1.8132600732600732
1.8132600732600732
4.88047286047286
4.88047286047286
4.88047286047286
5.493656343656344
5.493656343656344
1.7792107892107891
2.169127539127539
2.169127539127539
2.169127539127539
7.644658674658674
7.644658674658674
7.644658674658674
3.855920745920746
3.855920745920746
3.855920745920746
2.2653213453213454
2.2653213453213454
2.2653213453213454
4.306546786546787
4.306546786546787
4.306546786546787
2.297059607059607
2.297059607059607
2.297059607059607
3.695141525141525
3.695141525141525
3.695141525141525
1.4693606393606393
1.4693606393606393
1.4693606393606393
1.9628238428238427
1.9628238428238427
1.9628238428238427
0.9863303363303363
0.9863303363303363
0.9863303363303363
1.802833832833833
1.802833832833833
1.802833832833833
8.177935397935398
8.177935397935398
8.177935397935398
2.743336663336663
2.743336663336663
2.743336663336663
1.5026140526140528
1.7482184482184482
1.5026140526140528
1.5026140526140528
3.7019780219780216
3.7019780219780216
3.5852647352647358
3.7019780219780216
1.9682584082584083
1.9682584082584083
1.9682584082584083
2.2994438894438893
2.2994438894438893
2.2994438894438893
0.791042291042291
0.791042291042291
0.791042291042291
1.9417748917748918
1.9417748917748918
1.9417748917748918
1.492201132201132
1.492201132201132
1.492201132201132
10.2594005994006
10.2594005994006
10.2594005994006
6.937545787545788
6.937545787545788
6.937545787545788
3.5852647352647358
1.983016983016983
1.983016983016983
1.983016983016983
16.97031968031968
16.97031968031968
16.97031968031968
1.607072927072927
1.607072927072927
1.607072927072927
1.5187812187812186
1.5187812187812186
1.5187812187812186
3.723389943389943
3.723389943389943
3.723389943389943
2.757146187146187
2.757146187146187
2.757146187146187
3.247645687645688
3.247645687645688
3.247645687645688
2.1777422577422576
3.5852647352647358
2.1777422577422576
2.1777422577422576
5.724378954378953
5.724378954378953
5.724378954378953
0.9341591741591742
0.9341591741591742
0.9341591741591742
1.6328538128538128
1.6328538128538128
1.6328538128538128
7.162141192141192
7.162141192141192
7.162141192141192
1.343992673992674
1.343992673992674
1.343992673992674
7.209657009657009
7.209657009657009
7.209657009657009
2.3669230769230767
2.3669230769230767
2.3669230769230767
1.179090909090909
1.179090909090909
1.179090909090909
13.400822510822513
13.400822510822513
2.007455877455877
13.400822510822513
2.058971028971029
2.058971028971029
2.058971028971029
1.531934731934732
1.531934731934732
1.531934731934732
2.4946187146187144
2.4946187146187144
2.007455877455877
2.4946187146187144
1.851162171162171
1.851162171162171
1.851162171162171
2.007455877455877
2.8344022644022644
2.8344022644022644
2.8344022644022644
2.437772227772228
2.437772227772228
1.8452480852480853
1.8452480852480853
1.8452480852480853
2.0673792873792873
2.437772227772228
2.0673792873792873
2.0673792873792873
1.6255477855477856
1.6255477855477856
1.1122777222777223
1.1122777222777223
1.6255477855477856
1.1122777222777223
1.565897435897436
1.565897435897436
1.565897435897436
3.5481851481851483
8.207505827505827
3.5481851481851483
8.207505827505827
1.5533466533466533
1.5533466533466533
1.5533466533466533
3.4703496503496507
3.4703496503496507
3.4703496503496507
4.25067599067599
8.207505827505827
4.25067599067599
4.25067599067599
7.6007092907092915
7.6007092907092915
7.6007092907092915
1.3508091908091908
1.3508091908091908
1.3508091908091908
1.919230769230769
1.0781951381951385
1.0781951381951385
1.0781951381951385
2.6822044622044623
2.6822044622044623
1.919230769230769
2.6822044622044623
1.758837828837829
1.758837828837829
1.758837828837829
1.919230769230769
1.6205394605394603
1.6205394605394603
1.6205394605394603
4.233056943056943
8.684808524808524
8.684808524808524
8.684808524808524
1.8954811854811853
1.8954811854811853
1.8954811854811853
4.233056943056943
3.008158508158508
3.008158508158508
3.008158508158508
2.8961871461871462
2.8961871461871462
2.8961871461871462
4.139234099234099
4.233056943056943
4.139234099234099
4.139234099234099
2.6089577089577087
2.6089577089577087
2.6089577089577087
1.9320146520146522
8.515301365301365
8.515301365301365
8.515301365301365
5.322294372294372
1.9320146520146522
5.322294372294372
5.322294372294372
6.377772227772228
1.9320146520146522
6.377772227772228
1.3533699633699634
6.377772227772228
2.4237529137529137
2.4237529137529137
2.4237529137529137
1.3533699633699634
3.9278388278388277
3.9278388278388277
3.9278388278388277
1.4561005661005662
1.4561005661005662
1.4561005661005662
3.3526606726606727
3.3526606726606727
1.3533699633699634
3.3526606726606727
1.5938528138528139
1.5938528138528139
1.5938528138528139
0.9893306693306693
0.9893306693306693
0.9893306693306693
1.5529137529137529
1.5529137529137529
3.5616217116217115
1.5529137529137529
1.618271728271728
1.618271728271728
1.618271728271728
2.183106893106893
2.183106893106893
2.183106893106893
9.548308358308358
9.548308358308358
3.5616217116217115
9.548308358308358
4.264495504495505
4.264495504495505
4.264495504495505
1.5264935064935066
1.5264935064935066
1.5264935064935066
8.885684315684315
8.885684315684315
8.885684315684315
3.5616217116217115
11.856383616383615
11.856383616383615
11.856383616383615
2.6895071595071594
2.6895071595071594
2.6895071595071594
4.260989010989011
4.260989010989011
4.260989010989011
4.133073593073593
4.133073593073593
4.133073593073593
3.975011655011655
3.975011655011655
3.975011655011655
1.6082617382617381
1.6082617382617381
1.6082617382617381
6.8549417249417255
6.8549417249417255
6.8549417249417255
12.013486513486514
12.013486513486514
12.013486513486514
1.9011888111888111
1.9011888111888111
1.9011888111888111
2.6599999999999997
2.6599999999999997
2.6599999999999997
1.042997002997003
1.042997002997003
1.042997002997003
1.8898534798534798
1.8898534798534798
1.8898534798534798
2.3159673659673663
2.3159673659673663
2.3159673659673663
2.044275724275724
2.044275724275724
2.044275724275724
1.920885780885781
1.920885780885781
1.920885780885781
1.856819846819847
1.856819846819847
1.856819846819847
4.397625707625707
4.397625707625707
2.4650083250083252
2.4650083250083252
2.4650083250083252
2.488774558774559
2.488774558774559
2.488774558774559
1.6010822510822509
1.6010822510822509
1.6010822510822509
3.1823842823842825
3.1823842823842825
2.2705794205794203
4.693446553446553
2.202274392274392
2.934132534132534
8.462484182484182
2.1195970695970696
2.283349983349983
2.283349983349983
1.016073926073926
2.0235531135531137
3.0961538461538463
0.9523676323676323
4.334162504162505
2.2333766233766235
1.517902097902098
3.2251681651681654
2.4927306027306027
3.8507725607725605
1.1001964701964702
2.2322111222111225
2.610689310689311
4.334162504162505
2.2333766233766235
2.8829670329670334
2.4927306027306027
3.8507725607725605
4.0478121878121875
0.9523676323676323
3.2251681651681654
2.0235531135531137
1.9973659673659672
2.610689310689311
26.70226773226773
2.2333766233766235
2.8829670329670334
5.1405128205128205
3.8507725607725605
4.0478121878121875
4.086340326340326
3.2251681651681654
2.0235531135531137
1.9973659673659672
2.610689310689311
26.70226773226773
1.838724608724609
2.8829670329670334
5.1405128205128205
7.467219447219447
4.0478121878121875
4.086340326340326
1.4424608724608725
2.5854911754911756
5.868265068265068
1.9973659673659672
26.70226773226773
1.838724608724609
2.5003130203130204
2.5003130203130204
1.180929070929071
2.304545454545455
1.9382284382284383
2.2705794205794203
4.693446553446553
1.3458275058275058
2.934132534132534
1.9879420579420577
8.462484182484182
1.9879420579420577
1.180929070929071
2.304545454545455
1.9382284382284383
4.693446553446553
2.202274392274392
1.3458275058275058
2.934132534132534
2.1195970695970696
3.1823842823842825
2.5003130203130204
1.9879420579420577
1.180929070929071
1.9382284382284383
2.2705794205794203
2.304545454545455
2.202274392274392
1.3458275058275058
8.462484182484182
2.1195970695970696
2.5522277722277726
5.1405128205128205
7.467219447219447
2.98004329004329
4.086340326340326
2.5854911754911756
2.41972693972694
2.2322111222111225
4.477705627705628
2.9618414918414917
1.838724608724609
2.5522277722277726
2.5627272727272725
7.467219447219447
2.98004329004329
3.0926973026973026
2.5854911754911756
2.41972693972694
5.868265068265068
1.016073926073926
2.9618414918414917
1.517902097902098
2.5522277722277726
2.5627272727272725
1.1001964701964702
2.98004329004329
4.477705627705628
3.0961538461538463
2.41972693972694
2.283349983349983
5.868265068265068
2.2322111222111225
3.0961538461538463
1.016073926073926
4.477705627705628
4.334162504162505
2.9618414918414917
1.517902097902098
2.4927306027306027
1.1001964701964702
2.5627272727272725
0.9523676323676323
3.0926973026973026
3.0926973026973026
1.4424608724608725
1.4424608724608725
16.10972360972361
3.2668031968031963
1.3845920745920746
1.3845920745920746
1.3845920745920746
6.847099567099567
6.847099567099567
6.847099567099567
2.1343489843489847
2.1343489843489847
2.1343489843489847
3.471645021645022
3.471645021645022
3.471645021645022
3.799107559107559
3.799107559107559
3.799107559107559
4.2214319014319015
4.2214319014319015
4.2214319014319015
2.086047286047286
2.086047286047286
2.086047286047286
2.592274392274392
2.592274392274392
2.592274392274392
2.3306859806859803
2.3306859806859803
2.3306859806859803
2.4454378954378955
2.4454378954378955
2.4454378954378955
2.786380286380287
2.786380286380287
2.786380286380287
1.4764269064269062
1.4764269064269062
1.4764269064269062
1.827865467865468
4.76964368964369
4.76964368964369
1.827865467865468
1.827865467865468
2.641831501831502
2.641831501831502
2.641831501831502
3.486733266733267
3.486733266733267
3.486733266733267
2.356250416250416
2.356250416250416
2.356250416250416
3.5825108225108226
3.5825108225108226
3.5825108225108226
1.728954378954379
1.728954378954379
17.803353313353316
17.803353313353316
17.803353313353316
1.644085914085914
1.644085914085914
1.644085914085914
5.7850116550116555
5.7850116550116555
5.7850116550116555
2.6127405927405922
2.7116083916083915
2.6127405927405922
2.7116083916083915
2.7116083916083915
2.3309756909756914
2.3309756909756914
2.3309756909756914
7.5892374292374285
7.5892374292374285
7.5892374292374285
4.373802863802863
4.373802863802863
4.373802863802863
2.6127405927405922
16.10972360972361
16.10972360972361
3.6951082251082252
3.6951082251082252
3.6951082251082252
1.7138394938394939
1.7138394938394939
1.7138394938394939
3.002773892773893
3.002773892773893
3.002773892773893
2.148797868797869
2.148797868797869
2.597705627705628
2.597705627705628
2.597705627705628
2.148797868797869
3.2668031968031963
7.200752580752581
3.2668031968031963
7.200752580752581
7.200752580752581
1.2237329337329337
1.2237329337329337
1.2237329337329337
9.245607725607725
9.245607725607725
2.061361971361971
2.061361971361971
2.061361971361971
8.285191475191477
8.285191475191477
8.285191475191477
1.7707359307359307
1.7707359307359307
1.7707359307359307
2.211575091575092
2.211575091575092
2.211575091575092
4.835331335331336
4.835331335331336
4.835331335331336
9.245607725607725
4.7765467865467865
4.7765467865467865
4.7765467865467865
1.1063969363969366
1.1063969363969366
1.1063969363969366
5.9651981351981345
5.9651981351981345
5.9651981351981345
8.257166167166169
8.257166167166169
8.257166167166169
1.4794538794538794
1.4794538794538794
1.4794538794538794
2.2766033966033965
2.2766033966033965
2.2766033966033965
2.5281751581751584
2.5281751581751584
2.5281751581751584
